100	1.285749e-02
101	1.996403e-02
102	4.690116e-02
103	-1.358104e-02
104	-3.235000e-02
105	1.279138e-02
106	2.067414e-02
107	3.500555e-02
108	5.927972e-02
109	-2.389908e-02
110	-4.113376e-02
111	-6.945974e-02
112	2.786510e-02
113	-1.100948e-02
114	4.703540e-03
115	-1.860108e-03
116	7.348506e-04
117	1.245348e-03
118	-5.641133e-04
119	1.143984e-04
120	2.888717e-04
121	6.540516e-04
122	-1.322032e-04
123	-3.081698e-04
124	2.650717e-04
125	2.136831e-04
126	-2.121011e-04
127	-1.417699e-04
128	-3.282557e-04
129	-5.665910e-04
130	2.264439e-04
131	3.603165e-04
132	6.218651e-04
133	9.898050e-04
134	1.709995e-03
135	-6.730336e-04
136	-1.139585e-03
137	-1.939026e-03
138	-3.296306e-03
139	1.317644e-03
140	-5.635711e-04
141	-9.587259e-04
142	-1.629914e-03
143	6.513836e-04
144	-1.887455e-04
145	-3.208829e-04
146	-5.461242e-04
147	-1.281217e-03
148	5.120586e-04
149	-1.483765e-04
150	-2.525275e-04
151	-4.292996e-04
152	4.488507e-04
153	2.915837e-04
154	4.962698e-04
155	-1.985087e-04
156	-3.374646e-04
157	-7.916924e-04
158	-1.258409e-03
159	-2.174175e-03
160	-3.696098e-03
161	1.478439e-03
162	2.513470e-03
163	-1.005388e-03
164	-1.709160e-03
165	6.726962e-04
166	1.162229e-03
167	-4.648914e-04
168	1.859473e-04
169	3.149329e-04
170	-1.259732e-04
171	-2.141518e-04
172	8.566177e-05
173	1.456250e-04
174	2.475595e-04
175	4.208523e-04
176	7.160863e-04
177	1.217092e-03
178	2.069158e-03
179	-8.276634e-04
180	-1.407028e-03
181	5.628111e-04
182	-2.251243e-04
183	-3.827116e-04
184	1.530771e-04
185	-6.123086e-05
186	-1.040976e-04
187	-1.769658e-04
188	7.078637e-05
189	1.203368e-04
190	-4.813472e-05
191	-8.182810e-05
192	-1.391077e-04
193	5.564371e-05
194	9.459322e-05
195	-3.783729e-05
196	-6.432339e-05
197	2.572937e-05
198	-1.029172e-05
199	4.116736e-06
200	-1.646691e-06
