100	-1.637962e+30
101	-6.215177e+30
102	4.855538e+30
103	6.795012e+30
104	-9.367767e+30
105	-1.415241e+31
106	1.486113e+31
107	-7.094128e+29
108	1.498201e+31
109	2.264048e+31
110	6.562411e+31
111	-8.078955e+30
112	3.785682e+31
113	-2.775677e+31
114	7.173142e+30
115	-4.455886e+30
116	1.213096e+31
117	3.449464e+31
118	-4.887933e+31
119	-4.392177e+31
120	-5.895280e+31
121	8.298655e+31
122	3.335044e+31
123	-6.666836e+31
124	-1.289641e+32
125	-2.319154e+32
126	2.650776e+32
127	7.901772e+31
128	2.992058e+32
129	-1.831432e+32
130	-3.233320e+32
131	8.194051e+31
132	3.303604e+32
133	-5.403104e+32
134	-2.914687e+32
135	-7.870520e+32
136	-1.325727e+33
137	9.292777e+32
138	1.429273e+33
139	-7.867603e+32
140	-1.620854e+33
141	-2.772695e+33
142	-5.077807e+33
143	-9.154519e+33
144	5.514204e+33
145	-3.300071e+33
146	-5.911308e+33
147	3.617265e+33
148	-2.142759e+33
149	1.340803e+33
150	2.298744e+33
151	-1.420460e+33
152	-2.456593e+33
153	-4.464665e+33
154	-8.078464e+33
155	-1.455209e+34
156	8.627040e+33
157	1.556631e+34
158	-9.625628e+33
159	5.854196e+33
160	1.002406e+34
161	-6.322723e+33
162	3.359939e+33
163	-2.631914e+33
164	1.097985e+33
165	1.833526e+33
166	5.000566e+33
167	-2.317580e+33
168	6.404938e+32
169	2.366739e+33
170	3.483983e+33
171	-4.783516e+33
172	5.493791e+33
173	-2.855453e+33
174	-6.080672e+33
175	-6.253610e+33
176	-5.566216e+33
177	1.668551e+33
178	-8.849229e+32
179	-3.095155e+33
180	-5.688139e+33
181	-1.039273e+34
182	-1.823012e+34
183	2.991002e+34
184	-1.812823e+34
185	-3.238322e+34
186	-2.148653e+34
187	-6.050527e+34
188	-9.597033e+34
189	3.382737e+34
190	6.103871e+34
191	1.097633e+35
192	-8.145317e+34
193	4.900859e+34
194	8.795916e+34
195	-5.273696e+34
196	1.347330e+34
197	-7.287554e+34
198	-7.297966e+34
199	-2.594333e+34
200	-4.752334e+34
