1	3.000000e+00
101	2.577103e+00
201	2.474123e+00
301	1.381168e+00
401	5.741670e+00
501	7.758225e+00
601	6.786150e+00
701	1.165448e+01
801	1.377425e+01
901	2.098442e+01
1001	2.385671e+01
1101	2.957347e+01
1201	2.535543e+01
1301	3.482462e+01
1401	4.361702e+01
1501	8.119190e+01
1601	9.987777e+01
1701	1.813521e+02
1801	2.495147e+02
1901	3.534369e+02
2001	2.435265e+02
2101	3.127121e+02
2201	3.202743e+02
2301	3.405502e+02
2401	7.012787e+02
2501	1.377941e+03
2601	2.559006e+03
2701	2.749483e+03
2801	2.798720e+03
2901	3.466986e+03
3001	5.378552e+03
3101	1.089310e+04
3201	1.471959e+04
3301	2.379253e+04
3401	2.316866e+04
3501	2.941929e+04
3601	7.064395e+04
3701	1.899647e+05
3801	2.739651e+05
3901	4.223964e+05
4001	6.981023e+05
4101	1.010727e+06
4201	1.368928e+06
4301	2.291808e+06
4401	6.019074e+06
4501	1.204067e+07
4601	1.525841e+07
4701	3.480348e+07
4801	6.584548e+07
4901	6.562592e+07
