1	0.000000e+00
11	7.649738e-01
21	6.526158e-01
31	5.753434e-01
41	5.196065e-01
51	4.762932e-01
61	4.392005e-01
71	4.159165e-01
81	3.956953e-01
91	3.778153e-01
101	3.593677e-01
111	3.433388e-01
121	3.288240e-01
131	3.150935e-01
141	3.006557e-01
151	2.880701e-01
161	2.757722e-01
171	2.651507e-01
181	2.562356e-01
191	2.476046e-01
201	2.387877e-01
211	2.314103e-01
221	2.255830e-01
231	2.198205e-01
241	2.129014e-01
251	2.051895e-01
261	1.969890e-01
271	1.888796e-01
281	1.833525e-01
291	1.781902e-01
301	1.727506e-01
311	1.656929e-01
321	1.582972e-01
331	1.518106e-01
341	1.462393e-01
351	1.412996e-01
361	1.363109e-01
371	1.300786e-01
381	1.234270e-01
391	1.188276e-01
401	1.149992e-01
411	1.113152e-01
421	1.084983e-01
431	1.063763e-01
441	1.039164e-01
451	1.012265e-01
461	9.833539e-02
471	9.622634e-02
481	9.494362e-02
491	9.311001e-02
501	9.180718e-02
511	9.062942e-02
521	8.975503e-02
531	8.780794e-02
541	8.637443e-02
551	8.465973e-02
561	8.252873e-02
571	8.069272e-02
581	7.896935e-02
591	7.745649e-02
601	7.562574e-02
611	7.447763e-02
621	7.306189e-02
631	7.118388e-02
641	7.053641e-02
651	6.988236e-02
661	6.850805e-02
671	6.674363e-02
681	6.558383e-02
691	6.452793e-02
701	6.336210e-02
711	6.244670e-02
721	6.115697e-02
731	5.965541e-02
741	5.857231e-02
751	5.781278e-02
761	5.773910e-02
771	5.780930e-02
781	5.728510e-02
791	5.622336e-02
801	5.589081e-02
811	5.509222e-02
821	5.310970e-02
831	5.107999e-02
841	4.906150e-02
851	4.740720e-02
861	4.531771e-02
871	4.324037e-02
881	4.233903e-02
891	4.186521e-02
901	4.169272e-02
911	4.147079e-02
921	4.103891e-02
931	4.033766e-02
941	3.955540e-02
951	3.941064e-02
961	3.910306e-02
971	3.808958e-02
981	3.740284e-02
991	3.631710e-02
