1	0.000000e+00
101	3.469847e-01
201	1.499188e-01
301	1.894122e-01
401	2.310485e-01
501	2.771223e-01
601	3.150778e-01
701	3.347913e-01
801	3.588131e-01
901	3.938867e-01
1001	4.269485e-01
1101	4.497937e-01
1201	4.605181e-01
1301	4.727482e-01
1401	4.812424e-01
1501	4.902625e-01
1601	4.917548e-01
1701	5.020329e-01
1801	5.099401e-01
1901	5.212526e-01
2001	5.329902e-01
2101	5.490323e-01
2201	5.658953e-01
2301	5.804349e-01
2401	5.899075e-01
2501	5.962588e-01
2601	5.987499e-01
2701	6.028423e-01
2801	6.034187e-01
2901	6.043693e-01
3001	6.033488e-01
3101	5.992437e-01
3201	5.954141e-01
3301	5.933429e-01
3401	5.922966e-01
3501	5.900133e-01
3601	5.907704e-01
3701	5.908046e-01
3801	5.889610e-01
3901	5.840916e-01
4001	5.804538e-01
4101	5.793845e-01
4201	5.778746e-01
4301	5.782077e-01
4401	5.811171e-01
4501	5.850145e-01
4601	5.889241e-01
4701	5.911731e-01
4801	5.916128e-01
4901	5.923506e-01
5001	5.926442e-01
5101	5.924014e-01
5201	5.904567e-01
5301	5.877672e-01
5401	5.849767e-01
5501	5.826071e-01
5601	5.811985e-01
5701	5.778311e-01
5801	5.742358e-01
5901	5.730421e-01
6001	5.723029e-01
6101	5.707461e-01
6201	5.694635e-01
6301	5.684937e-01
6401	5.684570e-01
6501	5.678399e-01
6601	5.677718e-01
6701	5.681687e-01
6801	5.680144e-01
6901	5.667076e-01
7001	5.659262e-01
7101	5.655046e-01
7201	5.639723e-01
7301	5.637259e-01
7401	5.624433e-01
7501	5.607631e-01
7601	5.602634e-01
7701	5.583014e-01
7801	5.554397e-01
7901	5.533752e-01
8001	5.527395e-01
8101	5.517650e-01
8201	5.507727e-01
8301	5.496804e-01
8401	5.474219e-01
8501	5.458287e-01
8601	5.450309e-01
8701	5.446829e-01
8801	5.435881e-01
8901	5.424667e-01
9001	5.411057e-01
9101	5.397556e-01
9201	5.392544e-01
9301	5.388825e-01
9401	5.387910e-01
9501	5.389306e-01
9601	5.383080e-01
9701	5.388487e-01
9801	5.387978e-01
9901	5.373270e-01
10001	5.354748e-01
10101	5.339344e-01
10201	5.322285e-01
10301	5.315450e-01
10401	5.317294e-01
10501	5.308100e-01
10601	5.296059e-01
10701	5.286776e-01
10801	5.279291e-01
10901	5.275592e-01
11001	5.272293e-01
11101	5.270079e-01
11201	5.266441e-01
11301	5.257100e-01
11401	5.252967e-01
11501	5.246300e-01
11601	5.239106e-01
11701	5.226135e-01
11801	5.215042e-01
11901	5.201519e-01
12001	5.194813e-01
12101	5.194777e-01
12201	5.193347e-01
12301	5.191105e-01
12401	5.186535e-01
12501	5.180478e-01
12601	5.174151e-01
12701	5.168433e-01
12801	5.166128e-01
12901	5.160817e-01
13001	5.158627e-01
13101	5.155011e-01
13201	5.140556e-01
13301	5.127460e-01
13401	5.113442e-01
13501	5.107117e-01
13601	5.097258e-01
13701	5.090149e-01
13801	5.086167e-01
13901	5.081460e-01
14001	5.076724e-01
14101	5.069199e-01
14201	5.064718e-01
14301	5.060605e-01
14401	5.054170e-01
14501	5.044198e-01
14601	5.040537e-01
14701	5.034068e-01
14801	5.035708e-01
14901	5.031314e-01
15001	5.021108e-01
15101	5.013821e-01
15201	5.009216e-01
15301	5.001724e-01
15401	4.990943e-01
15501	4.978428e-01
15601	4.968963e-01
15701	4.962826e-01
15801	4.954026e-01
15901	4.945408e-01
16001	4.940878e-01
16101	4.936541e-01
16201	4.925953e-01
16301	4.914546e-01
16401	4.909163e-01
16501	4.909256e-01
16601	4.909999e-01
16701	4.906586e-01
16801	4.903785e-01
16901	4.899866e-01
17001	4.894508e-01
17101	4.890981e-01
17201	4.884338e-01
17301	4.876360e-01
17401	4.863661e-01
17501	4.850114e-01
17601	4.837379e-01
17701	4.827430e-01
17801	4.816536e-01
17901	4.810156e-01
18001	4.805109e-01
18101	4.799117e-01
18201	4.792959e-01
18301	4.789862e-01
18401	4.783489e-01
18501	4.775015e-01
18601	4.768474e-01
18701	4.757284e-01
18801	4.745451e-01
18901	4.733344e-01
19001	4.726530e-01
19101	4.717745e-01
19201	4.713797e-01
19301	4.720991e-01
19401	4.727934e-01
19501	4.732679e-01
19601	4.728869e-01
19701	4.722855e-01
19801	4.715281e-01
19901	4.707266e-01
20001	4.701168e-01
20101	4.690363e-01
20201	4.681410e-01
20301	4.669495e-01
20401	4.661391e-01
20501	4.656903e-01
20601	4.653706e-01
20701	4.646480e-01
20801	4.641510e-01
20901	4.642839e-01
21001	4.639148e-01
21101	4.632723e-01
21201	4.628113e-01
21301	4.619463e-01
21401	4.611450e-01
21501	4.606842e-01
21601	4.602208e-01
21701	4.600024e-01
21801	4.597500e-01
21901	4.596084e-01
22001	4.592249e-01
22101	4.588728e-01
22201	4.585215e-01
22301	4.577092e-01
22401	4.568973e-01
22501	4.563050e-01
22601	4.562901e-01
22701	4.560177e-01
22801	4.551446e-01
22901	4.546044e-01
23001	4.543230e-01
23101	4.540377e-01
23201	4.534828e-01
23301	4.526496e-01
23401	4.513713e-01
23501	4.502330e-01
23601	4.492097e-01
23701	4.484160e-01
23801	4.478378e-01
23901	4.476970e-01
24001	4.472686e-01
24101	4.465691e-01
24201	4.459221e-01
24301	4.451349e-01
24401	4.441130e-01
24501	4.432723e-01
24601	4.426820e-01
24701	4.417120e-01
24801	4.407889e-01
24901	4.400277e-01
25001	4.394005e-01
25101	4.385893e-01
25201	4.377104e-01
25301	4.367612e-01
25401	4.355793e-01
25501	4.348304e-01
25601	4.342995e-01
25701	4.338654e-01
25801	4.333532e-01
25901	4.327708e-01
26001	4.318967e-01
26101	4.307870e-01
26201	4.298400e-01
26301	4.291513e-01
26401	4.283760e-01
26501	4.274963e-01
26601	4.265959e-01
26701	4.259464e-01
26801	4.253249e-01
26901	4.244293e-01
27001	4.233886e-01
27101	4.225353e-01
27201	4.216739e-01
27301	4.209851e-01
27401	4.204865e-01
27501	4.198372e-01
27601	4.188151e-01
27701	4.178008e-01
27801	4.167011e-01
27901	4.157483e-01
28001	4.148166e-01
28101	4.141475e-01
28201	4.134494e-01
28301	4.129020e-01
28401	4.122353e-01
28501	4.116186e-01
28601	4.109934e-01
28701	4.103904e-01
28801	4.096556e-01
28901	4.089475e-01
29001	4.085145e-01
29101	4.082650e-01
29201	4.079772e-01
29301	4.076326e-01
29401	4.070693e-01
29501	4.066831e-01
29601	4.063694e-01
29701	4.060242e-01
29801	4.054889e-01
29901	4.048744e-01
30001	4.046744e-01
30101	4.042412e-01
30201	4.040491e-01
30301	4.036251e-01
30401	4.032669e-01
30501	4.028714e-01
30601	4.021416e-01
30701	4.017450e-01
30801	4.012330e-01
30901	4.008819e-01
31001	4.002219e-01
31101	3.993907e-01
31201	3.987983e-01
31301	3.982124e-01
31401	3.977256e-01
31501	3.974378e-01
31601	3.969886e-01
31701	3.965085e-01
31801	3.958837e-01
31901	3.951338e-01
32001	3.948680e-01
32101	3.945367e-01
32201	3.942695e-01
32301	3.944819e-01
32401	3.948642e-01
32501	3.953105e-01
32601	3.956177e-01
32701	3.960238e-01
32801	3.959686e-01
32901	3.954854e-01
33001	3.950639e-01
33101	3.947301e-01
33201	3.944444e-01
33301	3.939247e-01
33401	3.932173e-01
33501	3.929151e-01
33601	3.926073e-01
33701	3.924693e-01
33801	3.923363e-01
33901	3.920530e-01
34001	3.917453e-01
34101	3.914082e-01
34201	3.910412e-01
34301	3.906704e-01
34401	3.901154e-01
34501	3.897057e-01
34601	3.896309e-01
34701	3.895954e-01
34801	3.893097e-01
34901	3.886852e-01
35001	3.881451e-01
35101	3.876847e-01
35201	3.871217e-01
35301	3.862530e-01
35401	3.855723e-01
35501	3.845639e-01
35601	3.832478e-01
35701	3.819749e-01
35801	3.809528e-01
35901	3.802499e-01
36001	3.796252e-01
36101	3.789648e-01
36201	3.780942e-01
36301	3.775291e-01
36401	3.769530e-01
36501	3.765062e-01
36601	3.759433e-01
36701	3.754847e-01
36801	3.750995e-01
36901	3.747163e-01
37001	3.746536e-01
37101	3.743925e-01
37201	3.742793e-01
37301	3.740454e-01
37401	3.737788e-01
37501	3.734215e-01
37601	3.730621e-01
37701	3.726881e-01
37801	3.723159e-01
37901	3.721571e-01
38001	3.721740e-01
38101	3.720365e-01
38201	3.718489e-01
38301	3.715128e-01
38401	3.713055e-01
38501	3.710740e-01
38601	3.708600e-01
38701	3.706004e-01
38801	3.704525e-01
38901	3.703271e-01
39001	3.702524e-01
39101	3.700842e-01
39201	3.699637e-01
39301	3.695751e-01
39401	3.692185e-01
39501	3.688878e-01
39601	3.686307e-01
39701	3.682632e-01
39801	3.676094e-01
39901	3.670080e-01
40001	3.665204e-01
40101	3.660310e-01
40201	3.656465e-01
40301	3.652971e-01
40401	3.650779e-01
40501	3.647566e-01
40601	3.642453e-01
40701	3.635540e-01
40801	3.627468e-01
40901	3.620231e-01
41001	3.613177e-01
41101	3.607332e-01
41201	3.601568e-01
41301	3.596860e-01
41401	3.594377e-01
41501	3.595028e-01
41601	3.594509e-01
41701	3.594847e-01
41801	3.593868e-01
41901	3.591951e-01
42001	3.590512e-01
42101	3.587631e-01
42201	3.584555e-01
42301	3.581839e-01
42401	3.581081e-01
42501	3.578521e-01
42601	3.575912e-01
42701	3.572804e-01
42801	3.570371e-01
42901	3.568007e-01
43001	3.563525e-01
43101	3.560435e-01
43201	3.560029e-01
43301	3.558239e-01
43401	3.554980e-01
43501	3.552598e-01
43601	3.550144e-01
43701	3.548000e-01
43801	3.545985e-01
43901	3.543487e-01
44001	3.540801e-01
44101	3.539326e-01
44201	3.537233e-01
44301	3.533058e-01
44401	3.528544e-01
44501	3.526806e-01
44601	3.523799e-01
44701	3.521480e-01
44801	3.517922e-01
44901	3.513502e-01
45001	3.508441e-01
45101	3.505252e-01
45201	3.501924e-01
45301	3.498559e-01
45401	3.496218e-01
45501	3.493858e-01
45601	3.491720e-01
45701	3.489263e-01
45801	3.484634e-01
45901	3.481200e-01
46001	3.478050e-01
46101	3.475489e-01
46201	3.473871e-01
46301	3.472765e-01
46401	3.473726e-01
46501	3.475095e-01
46601	3.476557e-01
46701	3.476098e-01
46801	3.473332e-01
46901	3.468697e-01
47001	3.465492e-01
47101	3.462801e-01
47201	3.462438e-01
47301	3.461205e-01
47401	3.460208e-01
47501	3.457960e-01
47601	3.455638e-01
47701	3.453986e-01
47801	3.452110e-01
47901	3.451023e-01
48001	3.447168e-01
48101	3.443546e-01
48201	3.438872e-01
48301	3.434887e-01
48401	3.429503e-01
48501	3.425568e-01
48601	3.423878e-01
48701	3.422474e-01
48801	3.420715e-01
48901	3.419241e-01
49001	3.416454e-01
49101	3.414383e-01
49201	3.412379e-01
49301	3.410050e-01
49401	3.405960e-01
49501	3.399550e-01
49601	3.394646e-01
49701	3.392476e-01
49801	3.389635e-01
49901	3.386618e-01
50001	3.385239e-01
50101	3.383337e-01
50201	3.379811e-01
50301	3.374925e-01
50401	3.370717e-01
50501	3.367064e-01
50601	3.366267e-01
50701	3.366251e-01
50801	3.367310e-01
50901	3.369796e-01
51001	3.371714e-01
51101	3.371567e-01
51201	3.371205e-01
51301	3.370505e-01
51401	3.370563e-01
51501	3.371167e-01
51601	3.371482e-01
51701	3.371727e-01
51801	3.371084e-01
51901	3.368750e-01
52001	3.367831e-01
52101	3.366932e-01
52201	3.365221e-01
52301	3.362888e-01
52401	3.359560e-01
52501	3.356525e-01
52601	3.356117e-01
52701	3.356070e-01
52801	3.353756e-01
52901	3.350829e-01
53001	3.349828e-01
53101	3.349308e-01
53201	3.347242e-01
53301	3.344108e-01
53401	3.341770e-01
53501	3.340446e-01
53601	3.338727e-01
53701	3.337049e-01
53801	3.333537e-01
53901	3.329957e-01
54001	3.325285e-01
54101	3.322512e-01
54201	3.319456e-01
54301	3.317945e-01
54401	3.314630e-01
54501	3.311154e-01
54601	3.308645e-01
54701	3.305443e-01
54801	3.303996e-01
54901	3.300400e-01
55001	3.297090e-01
55101	3.294076e-01
55201	3.292042e-01
55301	3.290420e-01
55401	3.288613e-01
55501	3.285113e-01
55601	3.280893e-01
55701	3.276827e-01
55801	3.273847e-01
55901	3.270576e-01
56001	3.266914e-01
56101	3.262824e-01
56201	3.259370e-01
56301	3.256512e-01
56401	3.254297e-01
56501	3.252004e-01
56601	3.249474e-01
56701	3.247280e-01
56801	3.245037e-01
56901	3.242990e-01
57001	3.240970e-01
57101	3.240023e-01
57201	3.238901e-01
57301	3.238331e-01
57401	3.238008e-01
57501	3.236481e-01
57601	3.235511e-01
57701	3.234515e-01
57801	3.232819e-01
57901	3.229863e-01
58001	3.226490e-01
58101	3.223090e-01
58201	3.220071e-01
58301	3.218519e-01
58401	3.217764e-01
58501	3.216456e-01
58601	3.215097e-01
58701	3.213780e-01
58801	3.212828e-01
58901	3.213207e-01
59001	3.213873e-01
59101	3.212947e-01
59201	3.211731e-01
59301	3.210509e-01
59401	3.208065e-01
59501	3.205901e-01
59601	3.203406e-01
59701	3.200990e-01
59801	3.198942e-01
59901	3.196347e-01
60001	3.193904e-01
60101	3.190960e-01
60201	3.187904e-01
60301	3.184196e-01
60401	3.180568e-01
60501	3.177868e-01
60601	3.175446e-01
60701	3.172991e-01
60801	3.168964e-01
60901	3.165477e-01
61001	3.162740e-01
61101	3.161814e-01
61201	3.161688e-01
61301	3.160789e-01
61401	3.157905e-01
61501	3.157140e-01
61601	3.157334e-01
61701	3.158654e-01
61801	3.160140e-01
61901	3.161217e-01
62001	3.160937e-01
62101	3.161393e-01
62201	3.159208e-01
62301	3.157325e-01
62401	3.156104e-01
62501	3.153363e-01
62601	3.150219e-01
62701	3.147063e-01
62801	3.145185e-01
62901	3.143690e-01
63001	3.144774e-01
63101	3.145390e-01
63201	3.147682e-01
63301	3.147605e-01
63401	3.146006e-01
63501	3.143019e-01
63601	3.140026e-01
63701	3.138485e-01
63801	3.137516e-01
63901	3.137761e-01
64001	3.136766e-01
64101	3.135331e-01
64201	3.133685e-01
64301	3.132333e-01
64401	3.131571e-01
64501	3.128911e-01
64601	3.126034e-01
64701	3.123239e-01
64801	3.119903e-01
64901	3.116582e-01
65001	3.114080e-01
65101	3.111895e-01
65201	3.110847e-01
65301	3.109234e-01
65401	3.107820e-01
65501	3.104147e-01
65601	3.099697e-01
65701	3.096259e-01
65801	3.093668e-01
65901	3.092284e-01
66001	3.090906e-01
66101	3.089807e-01
66201	3.089126e-01
66301	3.089356e-01
66401	3.089907e-01
66501	3.088607e-01
66601	3.086916e-01
66701	3.084813e-01
66801	3.081879e-01
66901	3.079627e-01
67001	3.077529e-01
67101	3.074917e-01
67201	3.073126e-01
67301	3.072832e-01
67401	3.072305e-01
67501	3.072152e-01
67601	3.070677e-01
67701	3.069216e-01
67801	3.066574e-01
67901	3.064485e-01
68001	3.062734e-01
68101	3.062421e-01
68201	3.060662e-01
68301	3.057724e-01
68401	3.054255e-01
68501	3.050910e-01
68601	3.046923e-01
68701	3.043295e-01
68801	3.039534e-01
68901	3.036280e-01
69001	3.031926e-01
69101	3.027687e-01
69201	3.025585e-01
69301	3.022700e-01
69401	3.020815e-01
69501	3.018457e-01
69601	3.016964e-01
69701	3.016038e-01
69801	3.015416e-01
69901	3.015377e-01
70001	3.015259e-01
70101	3.013904e-01
70201	3.012612e-01
70301	3.012160e-01
70401	3.011250e-01
70501	3.010245e-01
70601	3.008727e-01
70701	3.006731e-01
70801	3.004724e-01
70901	3.002893e-01
71001	3.000938e-01
71101	3.000204e-01
71201	2.998280e-01
71301	2.996087e-01
71401	2.995851e-01
71501	2.995320e-01
71601	2.996151e-01
71701	2.997291e-01
71801	2.999584e-01
71901	2.999971e-01
72001	2.998914e-01
72101	2.997663e-01
72201	2.996000e-01
72301	2.993655e-01
72401	2.991547e-01
72501	2.989589e-01
72601	2.990332e-01
72701	2.988937e-01
72801	2.986665e-01
72901	2.985112e-01
73001	2.984332e-01
73101	2.983878e-01
73201	2.982413e-01
73301	2.979719e-01
73401	2.978447e-01
73501	2.977310e-01
73601	2.976080e-01
73701	2.975763e-01
73801	2.976318e-01
73901	2.977014e-01
74001	2.975907e-01
74101	2.974144e-01
74201	2.971933e-01
74301	2.970483e-01
74401	2.968814e-01
74501	2.966750e-01
74601	2.964537e-01
74701	2.962080e-01
74801	2.959447e-01
74901	2.956748e-01
75001	2.954806e-01
75101	2.954093e-01
75201	2.951893e-01
75301	2.948589e-01
75401	2.946792e-01
75501	2.943927e-01
75601	2.941531e-01
75701	2.940013e-01
75801	2.937292e-01
75901	2.933869e-01
76001	2.930972e-01
76101	2.928697e-01
76201	2.926772e-01
76301	2.928442e-01
76401	2.931207e-01
76501	2.932315e-01
76601	2.933338e-01
76701	2.933431e-01
76801	2.932994e-01
76901	2.931600e-01
77001	2.929645e-01
77101	2.927444e-01
77201	2.925234e-01
77301	2.922969e-01
77401	2.919846e-01
77501	2.917411e-01
77601	2.915375e-01
77701	2.913937e-01
77801	2.912350e-01
77901	2.909438e-01
78001	2.908049e-01
78101	2.906562e-01
78201	2.904066e-01
78301	2.900514e-01
78401	2.898204e-01
78501	2.896438e-01
78601	2.895530e-01
78701	2.893210e-01
78801	2.891031e-01
78901	2.889195e-01
79001	2.887495e-01
79101	2.886115e-01
79201	2.883956e-01
79301	2.882374e-01
79401	2.880474e-01
79501	2.878052e-01
79601	2.876225e-01
79701	2.872842e-01
79801	2.870009e-01
79901	2.868201e-01
80001	2.867895e-01
80101	2.868422e-01
80201	2.868367e-01
80301	2.868889e-01
80401	2.870193e-01
80501	2.870211e-01
80601	2.870138e-01
80701	2.870084e-01
80801	2.869854e-01
80901	2.869496e-01
81001	2.868363e-01
81101	2.867155e-01
81201	2.866514e-01
81301	2.866051e-01
81401	2.865287e-01
81501	2.864322e-01
81601	2.862793e-01
81701	2.861198e-01
81801	2.859835e-01
81901	2.857495e-01
82001	2.855414e-01
82101	2.854120e-01
82201	2.852882e-01
82301	2.851352e-01
82401	2.848910e-01
82501	2.847107e-01
82601	2.844945e-01
82701	2.843333e-01
82801	2.841696e-01
82901	2.839397e-01
83001	2.837122e-01
83101	2.835450e-01
83201	2.834077e-01
83301	2.833273e-01
83401	2.832584e-01
83501	2.830944e-01
83601	2.828833e-01
83701	2.828245e-01
83801	2.828159e-01
83901	2.827799e-01
84001	2.827835e-01
84101	2.827879e-01
84201	2.827930e-01
84301	2.828049e-01
84401	2.827194e-01
84501	2.825187e-01
84601	2.823719e-01
84701	2.822555e-01
84801	2.821424e-01
84901	2.820841e-01
85001	2.820365e-01
85101	2.820003e-01
85201	2.818783e-01
85301	2.817024e-01
85401	2.815901e-01
85501	2.814909e-01
85601	2.814688e-01
85701	2.815276e-01
85801	2.815891e-01
85901	2.815697e-01
86001	2.815966e-01
86101	2.816733e-01
86201	2.817502e-01
86301	2.818225e-01
86401	2.819917e-01
86501	2.821284e-01
86601	2.820910e-01
86701	2.819191e-01
86801	2.817248e-01
86901	2.814465e-01
87001	2.811437e-01
87101	2.808407e-01
87201	2.806685e-01
87301	2.805666e-01
87401	2.804498e-01
87501	2.803544e-01
87601	2.802850e-01
87701	2.802378e-01
87801	2.800704e-01
87901	2.798194e-01
88001	2.795804e-01
88101	2.794178e-01
88201	2.791508e-01
88301	2.789571e-01
88401	2.787914e-01
88501	2.785791e-01
88601	2.783091e-01
88701	2.781536e-01
88801	2.780086e-01
88901	2.777791e-01
89001	2.776082e-01
89101	2.773926e-01
89201	2.772740e-01
89301	2.772086e-01
89401	2.771581e-01
89501	2.771087e-01
89601	2.771101e-01
89701	2.770946e-01
89801	2.770100e-01
89901	2.768995e-01
90001	2.767946e-01
90101	2.766848e-01
90201	2.765554e-01
90301	2.764150e-01
90401	2.762418e-01
90501	2.760955e-01
90601	2.760172e-01
90701	2.758594e-01
90801	2.756576e-01
90901	2.755269e-01
91001	2.754652e-01
91101	2.752829e-01
91201	2.751519e-01
91301	2.750916e-01
91401	2.749065e-01
91501	2.746847e-01
91601	2.745018e-01
91701	2.743643e-01
91801	2.742090e-01
91901	2.740791e-01
92001	2.739442e-01
92101	2.738524e-01
92201	2.737327e-01
92301	2.735101e-01
92401	2.732965e-01
92501	2.730720e-01
92601	2.728463e-01
92701	2.728578e-01
92801	2.728515e-01
92901	2.727317e-01
93001	2.724956e-01
93101	2.722835e-01
93201	2.720904e-01
93301	2.719364e-01
93401	2.718765e-01
93501	2.718363e-01
93601	2.717657e-01
93701	2.717039e-01
93801	2.715391e-01
93901	2.713476e-01
94001	2.712558e-01
94101	2.711930e-01
94201	2.711087e-01
94301	2.710291e-01
94401	2.708897e-01
94501	2.707267e-01
94601	2.705810e-01
94701	2.704545e-01
94801	2.703531e-01
94901	2.701772e-01
95001	2.699993e-01
95101	2.697804e-01
95201	2.696335e-01
95301	2.694309e-01
95401	2.691736e-01
95501	2.689272e-01
95601	2.686786e-01
95701	2.683314e-01
95801	2.681493e-01
95901	2.679071e-01
96001	2.676850e-01
96101	2.675820e-01
96201	2.675295e-01
96301	2.674434e-01
96401	2.672227e-01
96501	2.669438e-01
96601	2.667665e-01
96701	2.665935e-01
96801	2.664210e-01
96901	2.662083e-01
97001	2.659911e-01
97101	2.658891e-01
97201	2.658591e-01
97301	2.657269e-01
97401	2.655653e-01
97501	2.654176e-01
97601	2.653029e-01
97701	2.652765e-01
97801	2.652603e-01
97901	2.653103e-01
98001	2.652663e-01
98101	2.651468e-01
98201	2.650593e-01
98301	2.649525e-01
98401	2.648044e-01
98501	2.646651e-01
98601	2.644319e-01
98701	2.642524e-01
98801	2.641221e-01
98901	2.639650e-01
99001	2.637639e-01
99101	2.635911e-01
99201	2.634581e-01
99301	2.634907e-01
99401	2.634905e-01
99501	2.634787e-01
99601	2.634785e-01
99701	2.634651e-01
99801	2.634155e-01
99901	2.633751e-01
