1	0.000000e+00
101	3.663145e-01
201	9.715187e-02
301	1.749204e-01
401	1.629962e-01
501	7.526314e-02
601	1.464617e-01
701	5.593579e-02
801	7.171865e-02
901	6.738795e-02
1001	5.826490e-02
1101	6.365413e-02
1201	7.563770e-02
1301	6.909378e-02
1401	5.401111e-02
1501	7.717922e-02
1601	6.555966e-02
1701	6.450469e-02
1801	5.479463e-02
1901	6.419218e-02
2001	5.914984e-02
2101	6.049857e-02
2201	6.934654e-02
2301	5.570949e-02
2401	5.625966e-02
2501	5.956013e-02
2601	5.269706e-02
2701	5.011818e-02
2801	4.954445e-02
2901	4.522283e-02
3001	4.588785e-02
3101	4.095697e-02
3201	4.143021e-02
3301	3.739428e-02
3401	3.993506e-02
3501	3.836478e-02
3601	3.599699e-02
3701	3.774684e-02
3801	3.497101e-02
3901	3.276141e-02
4001	3.283699e-02
4101	2.911038e-02
4201	3.070034e-02
4301	3.362739e-02
4401	2.847580e-02
4501	2.916186e-02
4601	3.084776e-02
4701	3.576309e-02
4801	3.811576e-02
4901	4.043542e-02
5001	3.478601e-02
5101	3.899637e-02
5201	3.812128e-02
5301	3.750178e-02
5401	3.605726e-02
5501	3.553876e-02
5601	3.569476e-02
5701	3.568300e-02
5801	3.589199e-02
5901	3.526846e-02
6001	3.383687e-02
6101	2.935211e-02
6201	3.343526e-02
6301	2.282688e-02
6401	2.728050e-02
6501	2.489892e-02
6601	2.617127e-02
6701	2.638361e-02
6801	2.674941e-02
6901	2.682543e-02
7001	2.457365e-02
7101	1.965662e-02
7201	2.070246e-02
7301	1.994268e-02
7401	1.706048e-02
7501	1.868360e-02
7601	1.911691e-02
7701	1.623628e-02
7801	1.760416e-02
7901	1.634197e-02
8001	1.469758e-02
8101	1.507979e-02
8201	1.543857e-02
8301	1.703608e-02
8401	1.684473e-02
8501	1.947174e-02
8601	1.801529e-02
8701	1.908004e-02
8801	1.683441e-02
8901	1.918697e-02
9001	1.878911e-02
9101	1.892655e-02
9201	1.719224e-02
9301	1.789171e-02
9401	1.553275e-02
9501	1.725782e-02
9601	1.733979e-02
9701	1.633760e-02
9801	1.695196e-02
9901	1.655210e-02
10001	1.737398e-02
10101	1.768333e-02
10201	1.706075e-02
10301	1.627840e-02
10401	1.715728e-02
10501	1.623850e-02
10601	1.753543e-02
10701	1.653802e-02
10801	1.869353e-02
10901	1.796513e-02
11001	1.787780e-02
11101	1.852880e-02
11201	1.735761e-02
11301	1.659015e-02
11401	1.582596e-02
11501	1.650282e-02
11601	1.466576e-02
11701	1.568560e-02
11801	1.519365e-02
11901	1.604821e-02
12001	1.343347e-02
12101	1.576005e-02
12201	1.313683e-02
12301	1.552382e-02
12401	1.374949e-02
12501	1.579423e-02
12601	1.513513e-02
12701	1.387342e-02
12801	1.494446e-02
12901	1.367950e-02
13001	1.515125e-02
13101	1.411533e-02
13201	1.360761e-02
13301	1.360686e-02
13401	1.313095e-02
13501	1.501128e-02
13601	1.382934e-02
13701	1.452397e-02
13801	1.404782e-02
13901	1.484607e-02
14001	1.452939e-02
14101	1.551406e-02
14201	1.582040e-02
14301	1.554914e-02
14401	1.598452e-02
14501	1.520538e-02
14601	1.524117e-02
14701	1.522340e-02
14801	1.600761e-02
14901	1.537466e-02
15001	1.577349e-02
15101	1.457919e-02
15201	1.493242e-02
15301	1.376614e-02
15401	1.454763e-02
15501	1.433357e-02
15601	1.405414e-02
15701	1.479957e-02
15801	1.390519e-02
15901	1.634223e-02
16001	1.381547e-02
16101	1.525939e-02
16201	1.560921e-02
16301	1.448473e-02
16401	1.507520e-02
16501	1.505688e-02
16601	1.489558e-02
16701	1.571936e-02
16801	1.436839e-02
16901	1.582043e-02
17001	1.498813e-02
17101	1.375916e-02
17201	1.617733e-02
17301	1.316893e-02
17401	1.552158e-02
17501	1.474037e-02
17601	1.517530e-02
17701	1.442339e-02
17801	1.429924e-02
17901	1.471551e-02
18001	1.531927e-02
18101	1.612652e-02
18201	1.591455e-02
18301	1.566522e-02
18401	1.575873e-02
18501	1.664122e-02
18601	1.574905e-02
18701	1.724705e-02
18801	1.583035e-02
18901	1.572012e-02
19001	1.528711e-02
19101	1.543994e-02
19201	1.509584e-02
19301	1.343832e-02
19401	1.454113e-02
19501	1.486995e-02
19601	1.494219e-02
19701	1.522738e-02
19801	1.593857e-02
19901	1.438504e-02
20001	1.512482e-02
20101	1.566002e-02
20201	1.500037e-02
20301	1.594008e-02
20401	1.487220e-02
20501	1.485351e-02
20601	1.360107e-02
20701	1.444171e-02
20801	1.461244e-02
20901	1.346453e-02
21001	1.496341e-02
21101	1.375433e-02
21201	1.370584e-02
21301	1.291327e-02
21401	1.438103e-02
21501	1.360875e-02
21601	1.298959e-02
21701	1.327357e-02
21801	1.375101e-02
21901	1.434620e-02
22001	1.397682e-02
22101	1.427402e-02
22201	1.317243e-02
22301	1.345482e-02
22401	1.265362e-02
22501	1.263205e-02
22601	1.270903e-02
22701	1.265904e-02
22801	1.221935e-02
22901	1.182054e-02
23001	1.136460e-02
23101	1.145692e-02
23201	1.165470e-02
23301	1.208503e-02
23401	1.259936e-02
23501	1.204760e-02
23601	1.206453e-02
23701	1.189823e-02
23801	1.200141e-02
23901	1.201607e-02
24001	1.212334e-02
24101	1.211950e-02
24201	1.212233e-02
24301	1.292321e-02
24401	1.224752e-02
24501	1.250380e-02
24601	1.216154e-02
24701	1.234833e-02
24801	1.204410e-02
24901	1.262391e-02
25001	1.221713e-02
25101	1.291371e-02
25201	1.231515e-02
25301	1.285862e-02
25401	1.304218e-02
25501	1.305969e-02
25601	1.318411e-02
25701	1.296429e-02
25801	1.316785e-02
25901	1.287809e-02
26001	1.292130e-02
26101	1.267009e-02
26201	1.273848e-02
26301	1.264880e-02
26401	1.239021e-02
26501	1.278927e-02
26601	1.244158e-02
26701	1.255023e-02
26801	1.263280e-02
26901	1.244839e-02
27001	1.224099e-02
27101	1.226506e-02
27201	1.225685e-02
27301	1.184887e-02
27401	1.126177e-02
27501	1.192931e-02
27601	1.177749e-02
27701	1.189773e-02
27801	1.145573e-02
27901	1.223025e-02
28001	1.184537e-02
28101	1.205098e-02
28201	1.195425e-02
28301	1.188567e-02
28401	1.209236e-02
28501	1.133788e-02
28601	1.163105e-02
28701	1.145207e-02
28801	1.196789e-02
28901	1.164188e-02
29001	1.159915e-02
29101	1.170575e-02
29201	1.196126e-02
29301	1.179363e-02
29401	1.170562e-02
29501	1.176724e-02
29601	1.159189e-02
29701	1.180995e-02
29801	1.164846e-02
29901	1.147357e-02
30001	1.130373e-02
30101	1.118058e-02
30201	1.142059e-02
30301	1.124588e-02
30401	1.130701e-02
30501	1.120158e-02
30601	1.109064e-02
30701	1.114253e-02
30801	1.125315e-02
30901	1.119326e-02
31001	1.150857e-02
31101	1.135990e-02
31201	1.160511e-02
31301	1.143154e-02
31401	1.135991e-02
31501	1.151957e-02
31601	1.131544e-02
31701	1.153181e-02
31801	1.150194e-02
31901	1.165273e-02
32001	1.174956e-02
32101	1.160707e-02
32201	1.187171e-02
32301	1.131531e-02
32401	1.206023e-02
32501	1.140833e-02
32601	1.197010e-02
32701	1.161941e-02
32801	1.170793e-02
32901	1.158788e-02
33001	1.182788e-02
33101	1.197763e-02
33201	1.207590e-02
33301	1.213722e-02
33401	1.195891e-02
33501	1.166386e-02
33601	1.188715e-02
33701	1.198407e-02
33801	1.188785e-02
33901	1.163499e-02
34001	1.163706e-02
34101	1.156308e-02
34201	1.153564e-02
34301	1.197108e-02
34401	1.125128e-02
34501	1.210218e-02
34601	1.175269e-02
34701	1.215984e-02
34801	1.207890e-02
34901	1.251508e-02
35001	1.216961e-02
35101	1.279597e-02
35201	1.222921e-02
35301	1.238991e-02
35401	1.255439e-02
35501	1.235044e-02
35601	1.290994e-02
35701	1.229086e-02
35801	1.283700e-02
35901	1.224591e-02
36001	1.276136e-02
36101	1.255196e-02
36201	1.264900e-02
36301	1.235496e-02
36401	1.198105e-02
36501	1.223062e-02
36601	1.202838e-02
36701	1.227904e-02
36801	1.245162e-02
36901	1.203120e-02
37001	1.257408e-02
37101	1.179542e-02
37201	1.275568e-02
37301	1.214324e-02
37401	1.255824e-02
37501	1.212956e-02
37601	1.230350e-02
37701	1.220415e-02
37801	1.237066e-02
37901	1.225525e-02
38001	1.237808e-02
38101	1.238625e-02
38201	1.272943e-02
38301	1.231894e-02
38401	1.290513e-02
38501	1.213914e-02
38601	1.327611e-02
38701	1.268930e-02
38801	1.315727e-02
38901	1.301313e-02
39001	1.272185e-02
39101	1.318319e-02
39201	1.293907e-02
39301	1.345710e-02
39401	1.309753e-02
39501	1.300360e-02
39601	1.329378e-02
39701	1.322399e-02
39801	1.343803e-02
39901	1.322096e-02
40001	1.300796e-02
40101	1.285323e-02
40201	1.359077e-02
40301	1.354602e-02
40401	1.373085e-02
40501	1.385174e-02
40601	1.344554e-02
40701	1.312611e-02
40801	1.332198e-02
40901	1.293423e-02
41001	1.281870e-02
41101	1.289541e-02
41201	1.177259e-02
41301	1.210745e-02
41401	1.198309e-02
41501	1.251127e-02
41601	1.212662e-02
41701	1.228593e-02
41801	1.174659e-02
41901	1.181730e-02
42001	1.118606e-02
42101	1.139824e-02
42201	1.111621e-02
42301	1.080555e-02
42401	1.095232e-02
42501	1.083631e-02
42601	1.086155e-02
42701	1.120820e-02
42801	1.118669e-02
42901	1.110899e-02
43001	1.117017e-02
43101	1.127944e-02
43201	1.140534e-02
43301	1.134083e-02
43401	1.118558e-02
43501	1.103616e-02
43601	1.134095e-02
43701	1.101623e-02
43801	1.114640e-02
43901	1.111843e-02
44001	1.096668e-02
44101	1.091305e-02
44201	1.115848e-02
44301	1.072198e-02
44401	1.068812e-02
44501	1.083004e-02
44601	1.073384e-02
44701	1.097684e-02
44801	1.075369e-02
44901	1.088491e-02
45001	1.074639e-02
45101	1.090871e-02
45201	1.072246e-02
45301	1.079598e-02
45401	1.078366e-02
45501	1.064223e-02
45601	1.082669e-02
45701	1.070620e-02
45801	1.086274e-02
45901	1.066959e-02
46001	1.084703e-02
46101	1.079109e-02
46201	1.068662e-02
46301	1.069972e-02
46401	1.078624e-02
46501	1.066365e-02
46601	1.075067e-02
46701	1.058504e-02
46801	1.078157e-02
46901	1.059669e-02
47001	1.052758e-02
47101	1.054533e-02
47201	1.053361e-02
47301	1.044469e-02
47401	1.044323e-02
47501	1.037598e-02
47601	1.038477e-02
47701	1.039980e-02
47801	1.032663e-02
47901	1.048709e-02
48001	1.040250e-02
48101	1.053963e-02
48201	1.050758e-02
48301	1.060544e-02
48401	1.047835e-02
48501	1.053732e-02
48601	1.049892e-02
48701	1.047408e-02
48801	1.047348e-02
48901	1.040144e-02
49001	1.044532e-02
49101	1.039300e-02
49201	1.026559e-02
49301	1.028237e-02
49401	1.029714e-02
49501	1.037784e-02
49601	1.025195e-02
49701	1.036705e-02
49801	1.026262e-02
49901	1.031433e-02
50001	1.034789e-02
50101	1.037804e-02
50201	1.041092e-02
50301	1.041173e-02
50401	1.043881e-02
50501	1.040615e-02
50601	1.046477e-02
50701	1.033830e-02
50801	1.036271e-02
50901	1.028844e-02
51001	1.018156e-02
51101	1.014535e-02
51201	1.003947e-02
51301	1.010091e-02
51401	1.000836e-02
51501	1.002393e-02
51601	1.004577e-02
51701	1.014756e-02
51801	1.018702e-02
51901	1.025104e-02
52001	1.032944e-02
52101	1.035014e-02
52201	1.039221e-02
52301	1.041395e-02
52401	1.039707e-02
52501	1.036660e-02
52601	1.032058e-02
52701	1.027581e-02
52801	1.019872e-02
52901	1.012222e-02
53001	1.010419e-02
53101	1.004410e-02
53201	1.003769e-02
53301	1.002195e-02
53401	1.006520e-02
53501	1.011920e-02
53601	1.025987e-02
53701	1.029367e-02
53801	1.036662e-02
53901	1.041210e-02
54001	1.053858e-02
54101	1.051262e-02
54201	1.061219e-02
54301	1.046438e-02
54401	1.049344e-02
54501	1.031810e-02
54601	1.048191e-02
54701	1.024138e-02
54801	1.029036e-02
54901	1.020455e-02
55001	1.023394e-02
55101	1.019901e-02
55201	1.032743e-02
55301	1.034415e-02
55401	1.035828e-02
55501	1.052902e-02
55601	1.071218e-02
55701	1.063535e-02
55801	1.080748e-02
55901	1.082272e-02
56001	1.092543e-02
56101	1.096075e-02
56201	1.080463e-02
56301	1.073964e-02
56401	1.069190e-02
56501	1.052027e-02
56601	1.049273e-02
56701	1.037504e-02
56801	1.031097e-02
56901	1.032199e-02
57001	1.026862e-02
57101	1.030863e-02
57201	1.036334e-02
57301	1.051801e-02
57401	1.067718e-02
57501	1.076592e-02
57601	1.092698e-02
57701	1.095591e-02
57801	1.096623e-02
57901	1.079615e-02
58001	1.085032e-02
58101	1.072411e-02
58201	1.070247e-02
58301	1.075045e-02
58401	1.070845e-02
58501	1.069148e-02
58601	1.061271e-02
58701	1.070376e-02
58801	1.071908e-02
58901	1.098275e-02
59001	1.103430e-02
59101	1.103258e-02
59201	1.111745e-02
59301	1.112470e-02
59401	1.092712e-02
59501	1.115288e-02
59601	1.112530e-02
59701	1.132855e-02
59801	1.123071e-02
59901	1.114295e-02
60001	1.117132e-02
60101	1.110111e-02
60201	1.107429e-02
60301	1.102741e-02
60401	1.112673e-02
60501	1.094567e-02
60601	1.088969e-02
60701	1.081647e-02
60801	1.095061e-02
60901	1.092428e-02
61001	1.095663e-02
61101	1.082430e-02
61201	1.096392e-02
61301	1.091882e-02
61401	1.095610e-02
61501	1.103486e-02
61601	1.095536e-02
61701	1.110366e-02
61801	1.111841e-02
61901	1.119027e-02
62001	1.119166e-02
62101	1.119337e-02
62201	1.128418e-02
62301	1.111286e-02
62401	1.082955e-02
62501	1.107027e-02
62601	1.101820e-02
62701	1.110148e-02
62801	1.132292e-02
62901	1.125665e-02
63001	1.130655e-02
63101	1.123583e-02
63201	1.123414e-02
63301	1.116038e-02
63401	1.137128e-02
63501	1.142276e-02
63601	1.157050e-02
63701	1.150376e-02
63801	1.152066e-02
63901	1.159486e-02
64001	1.128211e-02
64101	1.142251e-02
64201	1.119831e-02
64301	1.122926e-02
64401	1.149708e-02
64501	1.136433e-02
64601	1.147085e-02
64701	1.134608e-02
64801	1.146480e-02
64901	1.124205e-02
65001	1.141422e-02
65101	1.106666e-02
65201	1.135488e-02
65301	1.136135e-02
65401	1.136586e-02
65501	1.132453e-02
65601	1.116628e-02
65701	1.119503e-02
65801	1.113792e-02
65901	1.091899e-02
66001	1.115023e-02
66101	1.101855e-02
66201	1.115362e-02
66301	1.114260e-02
66401	1.096310e-02
66501	1.108497e-02
66601	1.095485e-02
66701	1.114101e-02
66801	1.112636e-02
66901	1.112824e-02
67001	1.121663e-02
67101	1.085726e-02
67201	1.132325e-02
67301	1.103585e-02
67401	1.121045e-02
67501	1.108233e-02
67601	1.097572e-02
67701	1.091796e-02
67801	1.103411e-02
67901	1.117004e-02
68001	1.106503e-02
68101	1.097348e-02
68201	1.099067e-02
68301	1.102796e-02
68401	1.093676e-02
68501	1.103707e-02
68601	1.119840e-02
68701	1.100734e-02
68801	1.122827e-02
68901	1.103877e-02
69001	1.112040e-02
69101	1.110691e-02
69201	1.116961e-02
69301	1.102744e-02
69401	1.101026e-02
69501	1.087315e-02
69601	1.091238e-02
69701	1.088946e-02
69801	1.116252e-02
69901	1.124050e-02
70001	1.112364e-02
70101	1.129582e-02
70201	1.122066e-02
70301	1.079208e-02
70401	1.114549e-02
70501	1.088967e-02
70601	1.086503e-02
70701	1.084682e-02
70801	1.086728e-02
70901	1.094732e-02
71001	1.094310e-02
71101	1.099317e-02
71201	1.093644e-02
71301	1.096979e-02
71401	1.076891e-02
71501	1.099625e-02
71601	1.066936e-02
71701	1.097234e-02
71801	1.085516e-02
71901	1.100765e-02
72001	1.097042e-02
72101	1.098101e-02
72201	1.085089e-02
72301	1.082094e-02
72401	1.105226e-02
72501	1.092743e-02
72601	1.112668e-02
72701	1.091718e-02
72801	1.119272e-02
72901	1.097968e-02
73001	1.110245e-02
73101	1.110204e-02
73201	1.105785e-02
73301	1.091269e-02
73401	1.085572e-02
73501	1.071794e-02
73601	1.073189e-02
73701	1.078939e-02
73801	1.075926e-02
73901	1.074824e-02
74001	1.077323e-02
74101	1.076041e-02
74201	1.096622e-02
74301	1.104911e-02
74401	1.095804e-02
74501	1.104454e-02
74601	1.080579e-02
74701	1.102033e-02
74801	1.081001e-02
74901	1.075931e-02
75001	1.069279e-02
75101	1.065774e-02
75201	1.057835e-02
75301	1.058422e-02
75401	1.068908e-02
75501	1.062285e-02
75601	1.051069e-02
75701	1.074038e-02
75801	1.052305e-02
75901	1.060454e-02
76001	1.059775e-02
76101	1.057997e-02
76201	1.056530e-02
76301	1.066437e-02
76401	1.079556e-02
76501	1.072391e-02
76601	1.076632e-02
76701	1.071594e-02
76801	1.069679e-02
76901	1.062506e-02
77001	1.061103e-02
77101	1.054302e-02
77201	1.059084e-02
77301	1.052629e-02
77401	1.062028e-02
77501	1.049597e-02
77601	1.046916e-02
77701	1.052383e-02
77801	1.065688e-02
77901	1.063914e-02
78001	1.085763e-02
78101	1.079379e-02
78201	1.065713e-02
78301	1.073855e-02
78401	1.060099e-02
78501	1.055532e-02
78601	1.064217e-02
78701	1.065955e-02
78801	1.056576e-02
78901	1.046416e-02
79001	1.046969e-02
79101	1.036733e-02
79201	1.048608e-02
79301	1.037651e-02
79401	1.041620e-02
79501	1.039634e-02
79601	1.048246e-02
79701	1.034901e-02
79801	1.047338e-02
79901	1.043411e-02
80001	1.059593e-02
80101	1.042629e-02
80201	1.046951e-02
80301	1.048025e-02
80401	1.057163e-02
80501	1.041708e-02
80601	1.046405e-02
80701	1.042408e-02
80801	1.049909e-02
80901	1.055503e-02
81001	1.050065e-02
81101	1.047728e-02
81201	1.038457e-02
81301	1.042874e-02
81401	1.037200e-02
81501	1.050619e-02
81601	1.032838e-02
81701	1.044979e-02
81801	1.045735e-02
81901	1.032829e-02
82001	1.029694e-02
82101	1.028350e-02
82201	1.032041e-02
82301	1.025395e-02
82401	1.017683e-02
82501	1.008826e-02
82601	1.009117e-02
82701	1.005719e-02
82801	1.009282e-02
82901	1.005095e-02
83001	1.010466e-02
83101	1.009629e-02
83201	1.022974e-02
83301	1.024964e-02
83401	1.032233e-02
83501	1.031877e-02
83601	1.027896e-02
83701	1.031968e-02
83801	1.028564e-02
83901	1.026277e-02
84001	1.022193e-02
84101	1.024291e-02
84201	1.022581e-02
84301	1.021819e-02
84401	1.020420e-02
84501	1.012420e-02
84601	1.023945e-02
84701	1.019017e-02
84801	1.025349e-02
84901	1.032610e-02
85001	1.033077e-02
85101	1.041632e-02
85201	1.020225e-02
85301	1.025284e-02
85401	1.026888e-02
85501	1.028741e-02
85601	1.015488e-02
85701	1.014839e-02
85801	1.013870e-02
85901	1.001605e-02
86001	1.004392e-02
86101	1.005830e-02
86201	1.004197e-02
86301	1.010765e-02
86401	1.010364e-02
86501	1.011465e-02
86601	1.011642e-02
86701	1.013069e-02
86801	1.016196e-02
86901	1.016444e-02
87001	1.015825e-02
87101	1.017578e-02
87201	1.011845e-02
87301	1.009164e-02
87401	1.004059e-02
87501	1.011211e-02
87601	1.007922e-02
87701	1.011679e-02
87801	1.010705e-02
87901	1.007722e-02
88001	1.011046e-02
88101	1.007822e-02
88201	1.008010e-02
88301	1.005284e-02
88401	1.006051e-02
88501	1.006131e-02
88601	1.000074e-02
88701	1.003034e-02
88801	1.005945e-02
88901	9.986966e-03
89001	1.005503e-02
89101	9.994003e-03
89201	1.002159e-02
89301	1.001509e-02
89401	1.001731e-02
89501	1.002705e-02
89601	1.002481e-02
89701	1.003599e-02
89801	9.946051e-03
89901	9.979951e-03
90001	9.945142e-03
90101	9.929449e-03
90201	9.918239e-03
90301	9.917542e-03
90401	9.908490e-03
90501	9.904759e-03
90601	9.941110e-03
90701	9.938349e-03
90801	9.961157e-03
90901	9.936137e-03
91001	9.967230e-03
91101	9.969132e-03
91201	9.977495e-03
91301	1.002253e-02
91401	1.000339e-02
91501	1.009447e-02
91601	1.007644e-02
91701	1.011293e-02
91801	1.016928e-02
91901	1.012449e-02
92001	1.014358e-02
92101	1.012138e-02
92201	1.017348e-02
92301	1.012824e-02
92401	1.015879e-02
92501	1.012140e-02
92601	1.016245e-02
92701	1.009624e-02
92801	1.012329e-02
92901	1.014774e-02
93001	1.016745e-02
93101	1.032180e-02
93201	1.016462e-02
93301	1.025163e-02
93401	1.019456e-02
93501	1.028999e-02
93601	1.022201e-02
93701	1.025190e-02
93801	1.023946e-02
93901	1.021914e-02
94001	1.028435e-02
94101	1.019710e-02
94201	1.020053e-02
94301	1.024774e-02
94401	1.025758e-02
94501	1.027497e-02
94601	1.026239e-02
94701	1.027179e-02
94801	1.027216e-02
94901	1.033027e-02
95001	1.033449e-02
95101	1.038877e-02
95201	1.029115e-02
95301	1.036784e-02
95401	1.040392e-02
95501	1.034709e-02
95601	1.034356e-02
95701	1.036307e-02
95801	1.031072e-02
95901	1.039731e-02
96001	1.030264e-02
96101	1.037977e-02
96201	1.031960e-02
96301	1.038146e-02
96401	1.045594e-02
96501	1.052276e-02
96601	1.046272e-02
96701	1.052236e-02
96801	1.061265e-02
96901	1.050695e-02
97001	1.052358e-02
97101	1.058691e-02
97201	1.053494e-02
97301	1.057545e-02
97401	1.057193e-02
97501	1.052039e-02
97601	1.062532e-02
97701	1.050371e-02
97801	1.058825e-02
97901	1.044009e-02
98001	1.056672e-02
98101	1.045672e-02
98201	1.051449e-02
98301	1.055970e-02
98401	1.056483e-02
98501	1.060758e-02
98601	1.058228e-02
98701	1.071808e-02
98801	1.078552e-02
98901	1.075847e-02
99001	1.082769e-02
99101	1.077781e-02
99201	1.081922e-02
99301	1.080861e-02
99401	1.072097e-02
99501	1.068415e-02
99601	1.062211e-02
99701	1.065426e-02
99801	1.055335e-02
99901	1.054478e-02
