1	0.000000e+00
1001	1.427328e-01
2001	8.815762e-02
3001	6.107819e-02
4001	5.087661e-02
5001	4.748007e-02
6001	4.409394e-02
7001	3.992789e-02
8001	3.155377e-02
9001	2.928393e-02
10001	2.860782e-02
11001	2.969884e-02
12001	2.585003e-02
13001	2.448425e-02
14001	2.316781e-02
15001	2.278861e-02
16001	2.140608e-02
17001	2.137592e-02
18001	2.021165e-02
19001	1.892620e-02
20001	1.781340e-02
21001	1.678522e-02
22001	1.627190e-02
23001	1.592882e-02
24001	1.577411e-02
25001	1.544537e-02
26001	1.562951e-02
27001	1.457669e-02
28001	1.451390e-02
29001	1.368541e-02
30001	1.309933e-02
31001	1.298602e-02
32001	1.279063e-02
33001	1.244723e-02
34001	1.179776e-02
35001	1.156115e-02
36001	1.140179e-02
37001	1.112241e-02
38001	1.078143e-02
39001	1.050583e-02
40001	1.039452e-02
41001	1.034671e-02
42001	9.948870e-03
43001	9.725113e-03
44001	9.458866e-03
45001	9.404854e-03
46001	9.240265e-03
47001	9.216152e-03
48001	9.179625e-03
49001	8.886567e-03
50001	8.763800e-03
51001	8.505035e-03
52001	8.323553e-03
53001	8.028239e-03
54001	8.067188e-03
55001	8.146645e-03
56001	7.969211e-03
57001	8.337515e-03
58001	8.276225e-03
59001	7.871470e-03
60001	7.839299e-03
61001	7.815279e-03
62001	7.711444e-03
63001	7.284624e-03
64001	7.010084e-03
65001	6.974234e-03
66001	7.383274e-03
67001	7.281765e-03
68001	7.022574e-03
69001	7.215381e-03
70001	6.897075e-03
71001	6.852792e-03
72001	6.952064e-03
73001	7.133832e-03
74001	7.558420e-03
75001	7.657071e-03
76001	7.718051e-03
77001	7.491369e-03
78001	7.770231e-03
79001	7.929563e-03
80001	7.840588e-03
81001	7.730159e-03
82001	7.749877e-03
83001	7.950444e-03
84001	7.858405e-03
85001	7.484185e-03
86001	7.693454e-03
87001	7.513691e-03
88001	7.701056e-03
89001	7.775085e-03
90001	7.451500e-03
91001	7.734510e-03
92001	8.345060e-03
93001	8.499441e-03
94001	8.552970e-03
95001	8.202932e-03
96001	8.541231e-03
97001	8.713966e-03
98001	9.159307e-03
99001	9.284113e-03
