100	-7.576257e+21
101	2.272878e+21
102	-6.818648e+20
103	2.863831e+21
104	-8.591719e+20
105	3.608514e+21
106	-1.082923e+21
107	3.248854e+20
108	-1.364057e+21
109	4.092191e+20
110	-1.718717e+21
111	7.218586e+21
112	-2.166313e+21
113	9.098277e+21
114	-3.821262e+22
115	1.151812e+22
116	-3.683625e+21
117	2.063485e+21
118	-8.665163e+21
119	2.605706e+21
120	-1.091796e+22
121	2.456156e+22
122	-7.368648e+21
123	3.094761e+22
124	-1.733086e+22
125	7.278873e+22
126	-3.057087e+23
127	9.171261e+22
128	-2.063559e+23
129	8.130226e+23
130	-2.600085e+23
131	1.456031e+23
132	-6.115251e+23
133	2.568403e+24
134	-5.778900e+24
135	2.427138e+25
136	-1.359198e+25
137	3.058199e+25
138	-1.712612e+25
139	7.192885e+25
140	-3.021009e+26
141	1.268824e+27
142	-2.854856e+27
143	1.199039e+28
144	-6.714695e+27
145	1.510824e+28
146	-5.952511e+28
147	2.500055e+29
148	-1.050021e+30
149	3.150063e+29
150	-9.450207e+28
151	2.835130e+28
152	-9.066648e+27
153	3.572265e+28
154	-1.500315e+29
155	4.501061e+28
156	-1.439456e+28
157	4.318376e+27
158	-1.813714e+28
159	7.146057e+28
160	-2.286002e+28
161	9.600991e+28
162	-2.880298e+28
163	8.640908e+27
164	-3.404583e+28
165	1.021377e+28
166	-3.064221e+27
167	1.280473e+28
168	-3.860912e+27
169	1.158303e+27
170	-3.720591e+26
171	2.148038e+26
172	-8.732943e+26
173	1.960844e+27
174	-7.720847e+27
175	3.242755e+28
176	-1.361957e+29
177	4.089998e+28
178	-1.226999e+28
179	5.153397e+28
180	-2.152779e+29
181	9.035340e+29
182	-2.712437e+29
183	8.140077e+28
184	-3.416509e+29
185	1.434379e+30
186	-4.303144e+29
187	1.807268e+30
188	-5.421822e+29
189	2.277165e+30
190	-9.564090e+30
191	4.016897e+31
192	-1.205074e+31
193	5.061299e+31
194	-2.125741e+32
195	8.928113e+32
196	-3.749807e+33
197	1.124942e+33
198	-4.724757e+33
199	1.984398e+34
200	-8.334472e+34
