100	-8.948014e-07
101	8.955533e-08
102	-8.970786e-09
103	9.482074e-10
104	-3.134509e-09
105	1.065732e-08
106	-3.519801e-08
107	3.620714e-09
108	-1.196822e-08
109	4.069088e-08
110	-1.382293e-07
111	4.699674e-07
112	-4.707689e-08
113	4.842085e-09
114	-4.846389e-10
115	4.988557e-11
116	-1.693346e-10
117	5.447206e-10
118	-5.757503e-11
119	1.904641e-10
120	-6.470487e-10
121	2.138904e-09
122	-2.138961e-10
123	2.201814e-11
124	-7.473793e-11
125	7.492080e-12
126	-7.699684e-13
127	2.545235e-12
128	-8.639485e-12
129	2.855969e-11
130	-9.710287e-11
131	3.301416e-10
132	-3.395658e-11
133	6.597123e-12
134	-2.242966e-11
135	3.925190e-11
136	-1.334564e-10
137	4.537516e-10
138	-8.815752e-11
139	2.997355e-10
140	-1.019101e-09
141	3.464942e-09
142	-3.464942e-10
143	1.178080e-09
144	-1.178080e-10
145	2.061640e-10
146	-4.005473e-11
147	7.009575e-11
148	-2.383255e-10
149	8.103068e-10
150	-1.574310e-10
151	5.352655e-10
152	-9.367147e-10
153	3.184830e-09
154	-1.052814e-08
155	3.576564e-08
156	-1.216002e-07
157	1.216002e-08
158	-4.134406e-08
159	1.405698e-07
160	-1.405733e-08
161	4.779491e-08
162	-4.783504e-09
163	4.919939e-10
164	-4.919939e-11
165	1.626391e-10
166	-5.525092e-10
167	5.525092e-11
168	-1.878531e-10
169	1.878531e-11
170	-1.880108e-12
171	1.880108e-13
172	-1.933733e-14
173	1.933734e-15
174	-3.757015e-16
175	1.277369e-15
176	-4.343055e-15
177	7.600344e-15
178	-1.476639e-15
179	5.020570e-15
180	-8.785998e-15
181	8.785998e-16
182	-1.706994e-16
183	2.987241e-16
184	-1.015661e-15
185	1.015662e-16
186	-1.015686e-17
187	1.015687e-18
188	-1.974139e-19
189	1.974139e-20
190	-3.456153e-20
191	1.142533e-19
192	-1.207652e-20
193	2.314721e-21
194	-3.995411e-21
195	1.358406e-20
196	-4.618582e-20
197	1.570317e-19
198	-3.049659e-20
199	5.334726e-20
200	-1.813807e-19
