1	2.718604e+00
11	2.718604e+00
21	2.718604e+00
31	2.718604e+00
41	2.718604e+00
51	2.718604e+00
61	2.827794e+00
71	3.539852e+00
81	4.856333e+00
91	5.883477e+00
101	6.707227e+00
111	7.382553e+00
121	7.946255e+00
131	8.423896e+00
141	3.019461e+00
151	1.769068e+01
161	3.053939e+01
171	4.188533e+01
181	5.197757e+01
191	6.101304e+01
201	6.914945e+01
211	7.651464e+01
221	8.321329e+01
231	8.933198e+01
241	9.494289e+01
251	1.001067e+02
261	1.048748e+02
271	1.092911e+02
281	1.133930e+02
291	1.172130e+02
301	1.207792e+02
311	1.241160e+02
321	1.272449e+02
331	1.301848e+02
341	1.329523e+02
351	1.355620e+02
361	1.380272e+02
371	1.403595e+02
381	1.425694e+02
391	1.446662e+02
401	1.466584e+02
411	1.485537e+02
421	1.503590e+02
431	1.528099e+02
441	1.562189e+02
451	1.594768e+02
461	1.720297e+02
471	1.932857e+02
481	2.204873e+02
491	2.482534e+02
501	2.749110e+02
511	3.005254e+02
521	3.251564e+02
531	3.488597e+02
541	3.716868e+02
551	3.936852e+02
561	4.148994e+02
571	4.285750e+02
581	4.351010e+02
591	4.414062e+02
601	4.475016e+02
611	4.533975e+02
621	4.591035e+02
631	4.646286e+02
641	4.699814e+02
651	4.751697e+02
661	4.802010e+02
671	4.892956e+02
681	4.981231e+02
691	5.066951e+02
701	5.150225e+02
711	5.231157e+02
721	5.309844e+02
731	5.386378e+02
741	5.460846e+02
751	5.533331e+02
761	5.603911e+02
771	5.672661e+02
781	5.739649e+02
791	5.804944e+02
801	5.868609e+02
811	5.930704e+02
821	5.991286e+02
831	6.050409e+02
841	6.070007e+02
851	6.064029e+02
861	6.058190e+02
871	6.052485e+02
881	6.046910e+02
891	6.041459e+02
901	6.036130e+02
911	6.030918e+02
921	6.025818e+02
931	6.020829e+02
941	6.015945e+02
951	6.011164e+02
961	6.006483e+02
971	6.001898e+02
981	5.997407e+02
991	5.993006e+02
