1	2.718604e+00
11	2.718604e+00
21	2.723191e+00
31	2.747609e+00
41	2.713453e+00
51	2.704844e+00
61	2.727780e+00
71	2.772536e+00
81	2.778173e+00
91	2.791951e+00
101	2.821680e+00
111	2.856489e+00
121	2.888019e+00
131	2.915342e+00
141	2.940638e+00
151	2.965228e+00
161	2.978453e+00
171	3.004103e+00
181	2.998263e+00
191	3.010079e+00
201	3.034552e+00
211	3.061074e+00
221	3.090633e+00
231	3.126737e+00
241	3.163825e+00
251	3.199076e+00
261	3.231626e+00
271	3.262316e+00
281	3.292350e+00
291	3.321103e+00
301	3.347534e+00
311	3.368191e+00
321	3.386891e+00
331	3.395629e+00
341	3.395603e+00
351	3.377701e+00
361	3.353448e+00
371	3.324820e+00
381	3.359811e+00
391	3.394543e+00
401	3.423432e+00
411	3.445893e+00
421	3.464296e+00
431	3.479481e+00
441	3.489369e+00
451	3.483421e+00
461	3.475606e+00
471	3.468123e+00
481	3.467655e+00
491	3.481707e+00
501	3.492217e+00
511	3.500038e+00
521	3.505324e+00
531	3.508548e+00
541	3.508425e+00
551	3.504022e+00
561	3.496262e+00
571	3.482321e+00
581	3.474507e+00
591	3.484427e+00
601	3.495329e+00
611	3.528188e+00
621	3.559304e+00
631	3.585049e+00
641	3.607139e+00
651	3.627233e+00
661	3.644773e+00
671	3.653112e+00
681	3.678960e+00
691	3.707022e+00
701	3.731581e+00
711	3.751392e+00
721	3.768879e+00
731	3.781819e+00
741	3.788440e+00
751	3.789236e+00
761	3.787335e+00
771	3.774501e+00
781	3.758615e+00
791	3.743129e+00
801	3.728031e+00
811	3.713642e+00
821	3.690410e+00
831	3.664379e+00
841	3.640834e+00
851	3.636298e+00
861	3.631426e+00
871	3.622737e+00
881	3.604641e+00
891	3.583765e+00
901	3.585614e+00
911	3.587422e+00
921	3.587531e+00
931	3.597471e+00
941	3.608549e+00
951	3.611991e+00
961	3.606602e+00
971	3.598576e+00
981	3.588899e+00
991	3.576688e+00
1001	3.565183e+00
1011	3.569233e+00
1021	3.569803e+00
1031	3.569062e+00
1041	3.555326e+00
1051	3.540379e+00
1061	3.517551e+00
1071	3.491887e+00
1081	3.489729e+00
1091	3.482739e+00
1101	3.468044e+00
1111	3.449661e+00
1121	3.420218e+00
1131	3.387278e+00
1141	3.350160e+00
1151	3.313688e+00
1161	3.277844e+00
1171	3.239148e+00
1181	3.197786e+00
1191	3.154978e+00
1201	3.108039e+00
1211	3.059965e+00
1221	3.007058e+00
1231	2.952558e+00
1241	2.903684e+00
1251	2.868997e+00
1261	2.829233e+00
1271	2.805898e+00
1281	2.782927e+00
1291	2.760313e+00
1301	2.731760e+00
1311	2.720320e+00
1321	2.705558e+00
1331	2.691018e+00
1341	2.672436e+00
1351	2.653293e+00
1361	2.625347e+00
1371	2.587327e+00
1381	2.554318e+00
1391	2.538638e+00
1401	2.517675e+00
1411	2.491579e+00
1421	2.462176e+00
1431	2.430799e+00
1441	2.393275e+00
1451	2.356268e+00
1461	2.317599e+00
1471	2.271965e+00
1481	2.223026e+00
1491	2.174743e+00
1501	2.126529e+00
1511	2.078584e+00
1521	2.031268e+00
1531	1.984571e+00
1541	1.939439e+00
1551	1.895840e+00
1561	1.852799e+00
1571	1.806426e+00
1581	1.754863e+00
1591	1.703565e+00
1601	1.651384e+00
1611	1.598680e+00
1621	1.546127e+00
1631	1.494077e+00
1641	1.441395e+00
1651	1.388763e+00
1661	1.336182e+00
1671	1.283671e+00
1681	1.233063e+00
1691	1.184141e+00
1701	1.133078e+00
1711	1.081487e+00
1721	1.029860e+00
1731	9.764237e-01
1741	9.234051e-01
1751	8.702662e-01
1761	8.175737e-01
1771	7.656283e-01
1781	7.121883e-01
1791	6.583229e-01
1801	6.045664e-01
1811	5.505319e-01
1821	4.970014e-01
1831	4.453531e-01
1841	3.975871e-01
1851	3.524938e-01
1861	3.078852e-01
1871	2.613121e-01
1881	2.033943e-01
1891	1.472109e-01
1901	9.510492e-02
1911	4.780462e-02
1921	1.974156e-03
1931	5.393136e-02
1941	1.078170e-01
1951	1.632924e-01
1961	2.231553e-01
1971	2.855547e-01
1981	3.476946e-01
1991	4.099021e-01
2001	4.716751e-01
2011	5.328338e-01
2021	5.929392e-01
2031	6.519534e-01
2041	7.102076e-01
2051	7.669582e-01
2061	8.220944e-01
2071	8.765717e-01
2081	9.305254e-01
2091	9.839631e-01
2101	1.036892e+00
2111	1.086800e+00
2121	1.134589e+00
2131	1.178691e+00
2141	1.221900e+00
2151	1.262981e+00
2161	1.302681e+00
2171	1.339642e+00
2181	1.376265e+00
2191	1.412553e+00
2201	1.446053e+00
2211	1.477824e+00
2221	1.500623e+00
2231	1.520548e+00
2241	1.540295e+00
2251	1.559867e+00
2261	1.579266e+00
2271	1.598728e+00
2281	1.630706e+00
2291	1.658852e+00
2301	1.681904e+00
2311	1.703137e+00
2321	1.722499e+00
2331	1.741773e+00
2341	1.775649e+00
2351	1.807201e+00
2361	1.835426e+00
2371	1.862139e+00
2381	1.886061e+00
2391	1.907149e+00
2401	1.925690e+00
2411	1.943066e+00
2421	1.957552e+00
2431	1.971235e+00
2441	1.986192e+00
2451	2.016872e+00
2461	2.047302e+00
2471	2.076000e+00
2481	2.097704e+00
2491	2.117439e+00
2501	2.139606e+00
2511	2.179191e+00
2521	2.217321e+00
2531	2.254439e+00
2541	2.291265e+00
2551	2.327802e+00
2561	2.361823e+00
2571	2.395333e+00
2581	2.428583e+00
2591	2.460286e+00
2601	2.490461e+00
2611	2.520404e+00
2621	2.557489e+00
2631	2.597757e+00
2641	2.635768e+00
2651	2.670539e+00
2661	2.701930e+00
2671	2.733087e+00
2681	2.764011e+00
2691	2.794705e+00
2701	2.820374e+00
2711	2.844977e+00
2721	2.869399e+00
2731	2.893642e+00
2741	2.914744e+00
2751	2.935727e+00
2761	2.956611e+00
2771	2.977345e+00
2781	2.997929e+00
2791	3.018366e+00
2801	3.034829e+00
2811	3.046208e+00
2821	3.059573e+00
2831	3.072843e+00
2841	3.089566e+00
2851	3.119616e+00
2861	3.145348e+00
2871	3.170900e+00
2881	3.193616e+00
2891	3.213458e+00
2901	3.231150e+00
2911	3.253087e+00
2921	3.287026e+00
2931	3.319885e+00
2941	3.346800e+00
2951	3.368721e+00
2961	3.387540e+00
2971	3.400296e+00
2981	3.408673e+00
2991	3.416327e+00
3001	3.435722e+00
3011	3.461591e+00
3021	3.483538e+00
3031	3.499756e+00
3041	3.518909e+00
3051	3.548953e+00
3061	3.578800e+00
3071	3.608453e+00
3081	3.637913e+00
3091	3.666363e+00
3101	3.701252e+00
3111	3.742548e+00
3121	3.781530e+00
3131	3.814931e+00
3141	3.843645e+00
3151	3.871592e+00
3161	3.899363e+00
3171	3.927818e+00
3181	3.957379e+00
3191	3.988186e+00
3201	4.035162e+00
3211	4.089368e+00
3221	4.143044e+00
3231	4.195940e+00
3241	4.247565e+00
3251	4.306792e+00
3261	4.365656e+00
3271	4.424160e+00
3281	4.482543e+00
3291	4.540571e+00
3301	4.598179e+00
3311	4.657001e+00
3321	4.716537e+00
3331	4.776450e+00
3341	4.836103e+00
3351	4.892174e+00
3361	4.951263e+00
3371	5.007335e+00
3381	5.037696e+00
3391	5.074724e+00
3401	5.120824e+00
3411	5.161350e+00
3421	5.187918e+00
3431	5.218824e+00
3441	5.259176e+00
3451	5.308743e+00
3461	5.366669e+00
3471	5.425608e+00
3481	5.487341e+00
3491	5.548839e+00
3501	5.599134e+00
3511	5.644991e+00
3521	5.671377e+00
3531	5.707264e+00
3541	5.745019e+00
3551	5.786469e+00
3561	5.832746e+00
3571	5.878708e+00
3581	5.928772e+00
3591	5.981974e+00
3601	6.038211e+00
3611	6.095156e+00
3621	6.158670e+00
3631	6.228665e+00
3641	6.303810e+00
3651	6.369314e+00
3661	6.427649e+00
3671	6.485666e+00
3681	6.550685e+00
3691	6.625019e+00
3701	6.703982e+00
3711	6.783249e+00
3721	6.856643e+00
3731	6.921847e+00
3741	6.983810e+00
3751	7.045443e+00
3761	7.110624e+00
3771	7.184863e+00
3781	7.267470e+00
3791	7.351645e+00
3801	7.442407e+00
3811	7.534110e+00
3821	7.625946e+00
3831	7.718252e+00
3841	7.807790e+00
3851	7.894325e+00
3861	7.981151e+00
3871	8.067915e+00
3881	8.150905e+00
3891	8.226162e+00
3901	8.298690e+00
3911	8.361395e+00
3921	8.420393e+00
3931	8.479090e+00
3941	8.533145e+00
3951	8.587348e+00
3961	8.638789e+00
3971	8.684960e+00
3981	8.722561e+00
3991	8.756592e+00
4001	8.811608e+00
4011	8.855468e+00
4021	8.891952e+00
4031	8.924227e+00
4041	8.952282e+00
4051	8.984222e+00
4061	9.042007e+00
4071	9.085601e+00
4081	9.116388e+00
4091	9.138249e+00
4101	9.160003e+00
4111	9.181651e+00
4121	9.203193e+00
4131	9.224632e+00
4141	9.245967e+00
4151	9.267199e+00
4161	9.281344e+00
4171	9.291149e+00
4181	9.276867e+00
4191	9.255231e+00
4201	9.237238e+00
4211	9.254092e+00
4221	9.259876e+00
4231	9.262656e+00
4241	9.260970e+00
4251	9.257078e+00
4261	9.248047e+00
4271	9.237601e+00
4281	9.219203e+00
4291	9.197672e+00
4301	9.163762e+00
4311	9.124303e+00
4321	9.121598e+00
4331	9.122958e+00
4341	9.124313e+00
4351	9.122800e+00
4361	9.117012e+00
4371	9.106275e+00
4381	9.090632e+00
4391	9.066609e+00
4401	9.032896e+00
4411	8.999335e+00
4421	8.965926e+00
4431	8.931338e+00
4441	8.886361e+00
4451	8.840281e+00
4461	8.794407e+00
4471	8.743138e+00
4481	8.689080e+00
4491	8.658776e+00
4501	8.628569e+00
4511	8.598497e+00
4521	8.568557e+00
4531	8.537338e+00
4541	8.501912e+00
4551	8.457726e+00
4561	8.410669e+00
4571	8.360760e+00
4581	8.310792e+00
4591	8.253748e+00
4601	8.200525e+00
4611	8.147930e+00
4621	8.095562e+00
4631	8.042875e+00
4641	8.005018e+00
4651	7.956657e+00
4661	7.905444e+00
4671	7.854450e+00
4681	7.798501e+00
4691	7.742217e+00
4701	7.678104e+00
4711	7.607241e+00
4721	7.531448e+00
4731	7.476317e+00
4741	7.423512e+00
4751	7.372065e+00
4761	7.320835e+00
4771	7.264094e+00
4781	7.202054e+00
4791	7.135061e+00
4801	7.058661e+00
4811	6.982580e+00
4821	6.899936e+00
4831	6.812554e+00
4841	6.724884e+00
4851	6.633272e+00
4861	6.539420e+00
4871	6.442507e+00
4881	6.344760e+00
4891	6.247412e+00
4901	6.151148e+00
4911	6.055300e+00
4921	5.957680e+00
4931	5.860286e+00
4941	5.762670e+00
4951	5.665046e+00
4961	5.568298e+00
4971	5.471940e+00
4981	5.377413e+00
4991	5.292818e+00
