1	2.718604e+00
11	2.718604e+00
21	2.718604e+00
31	2.718604e+00
41	2.523660e+00
51	2.300685e+00
61	2.150817e+00
71	2.043165e+00
81	1.962094e+00
91	1.898840e+00
101	1.848112e+00
111	1.806525e+00
121	1.771811e+00
131	1.742397e+00
141	1.717155e+00
151	1.695257e+00
161	1.676079e+00
171	1.659143e+00
181	1.644080e+00
191	1.630593e+00
201	1.608309e+00
211	1.563956e+00
221	1.509506e+00
231	1.455946e+00
241	1.401295e+00
251	1.349204e+00
261	1.301104e+00
271	1.256554e+00
281	1.215175e+00
291	1.176640e+00
301	1.140665e+00
311	1.107004e+00
321	1.074580e+00
331	1.043561e+00
341	1.014361e+00
351	9.868246e-01
361	9.608139e-01
371	9.362054e-01
381	9.128886e-01
391	8.907645e-01
401	8.697439e-01
411	8.497462e-01
421	8.306985e-01
431	8.124259e-01
441	7.945567e-01
451	7.774800e-01
461	7.611442e-01
471	7.455020e-01
481	7.305102e-01
491	7.160560e-01
501	7.020118e-01
511	6.885173e-01
521	6.755409e-01
531	6.630531e-01
541	6.510271e-01
551	6.393379e-01
561	6.280546e-01
571	6.171666e-01
581	6.066533e-01
591	5.964958e-01
601	5.866763e-01
611	5.771783e-01
621	5.679861e-01
631	5.590853e-01
641	5.504622e-01
651	5.421041e-01
661	5.339988e-01
671	5.261351e-01
681	5.185024e-01
691	5.110906e-01
701	5.038902e-01
711	4.968924e-01
721	4.900887e-01
731	4.834711e-01
741	4.770322e-01
751	4.707647e-01
761	4.646211e-01
771	4.586369e-01
781	4.528059e-01
791	4.471223e-01
801	4.415821e-01
811	4.361911e-01
821	4.309314e-01
831	4.257982e-01
841	4.207872e-01
851	4.158939e-01
861	4.111019e-01
871	4.064076e-01
881	4.018198e-01
891	3.973351e-01
901	3.929378e-01
911	3.886370e-01
921	3.844296e-01
931	3.803126e-01
941	3.762831e-01
951	3.723383e-01
961	3.684756e-01
971	3.646925e-01
981	3.609866e-01
991	3.573554e-01
1001	3.537968e-01
1011	3.503085e-01
1021	3.468886e-01
1031	3.435351e-01
1041	3.402459e-01
1051	3.370194e-01
1061	3.338537e-01
1071	3.307471e-01
1081	3.276979e-01
1091	3.247047e-01
1101	3.217658e-01
1111	3.188799e-01
1121	3.160716e-01
1131	3.133159e-01
1141	3.106084e-01
1151	3.079480e-01
1161	3.053335e-01
1171	3.027636e-01
1181	3.002372e-01
1191	2.977532e-01
1201	2.953107e-01
1211	2.929084e-01
1221	2.905455e-01
1231	2.882210e-01
1241	2.859339e-01
1251	2.836834e-01
1261	2.814686e-01
1271	2.792887e-01
1281	2.771428e-01
1291	2.750301e-01
1301	2.729499e-01
1311	2.709015e-01
1321	2.688840e-01
1331	2.668824e-01
1341	2.649089e-01
1351	2.629565e-01
1361	2.610329e-01
1371	2.591372e-01
1381	2.572691e-01
1391	2.554278e-01
1401	2.536128e-01
1411	2.518235e-01
1421	2.500594e-01
1431	2.483199e-01
1441	2.466046e-01
1451	2.449129e-01
1461	2.432444e-01
1471	2.415986e-01
1481	2.399750e-01
1491	2.383732e-01
1501	2.367916e-01
1511	2.352301e-01
1521	2.336892e-01
1531	2.321684e-01
1541	2.306674e-01
1551	2.291857e-01
1561	2.277230e-01
1571	2.262789e-01
1581	2.248531e-01
1591	2.234439e-01
1601	2.220510e-01
1611	2.206754e-01
1621	2.193167e-01
1631	2.179747e-01
1641	2.166491e-01
1651	2.153394e-01
1661	2.140442e-01
1671	2.127639e-01
1681	2.114989e-01
1691	2.102487e-01
1701	2.090130e-01
1711	2.077918e-01
1721	2.065847e-01
1731	2.053916e-01
1741	2.042122e-01
1751	2.030464e-01
1761	2.018938e-01
1771	2.007542e-01
1781	1.996275e-01
1791	1.985133e-01
1801	1.974115e-01
1811	1.963218e-01
1821	1.952442e-01
1831	1.941783e-01
1841	1.931240e-01
1851	1.920810e-01
1861	1.910494e-01
1871	1.900300e-01
1881	1.890213e-01
1891	1.880233e-01
1901	1.870358e-01
1911	1.860587e-01
1921	1.850917e-01
1931	1.841348e-01
1941	1.831877e-01
1951	1.822503e-01
1961	1.813225e-01
1971	1.804040e-01
1981	1.794949e-01
1991	1.785949e-01
2001	1.777039e-01
2011	1.768217e-01
2021	1.759483e-01
2031	1.750835e-01
2041	1.742271e-01
2051	1.733791e-01
2061	1.725394e-01
2071	1.717077e-01
2081	1.708841e-01
2091	1.700676e-01
2101	1.692588e-01
2111	1.684578e-01
2121	1.676643e-01
2131	1.668782e-01
2141	1.661003e-01
2151	1.653309e-01
2161	1.645686e-01
2171	1.638133e-01
2181	1.630650e-01
2191	1.623235e-01
2201	1.615887e-01
2211	1.608605e-01
2221	1.601390e-01
2231	1.594239e-01
2241	1.587151e-01
2251	1.580127e-01
2261	1.573165e-01
2271	1.566264e-01
2281	1.559424e-01
2291	1.552643e-01
2301	1.545921e-01
2311	1.539258e-01
2321	1.532648e-01
2331	1.526086e-01
2341	1.519580e-01
2351	1.513130e-01
2361	1.506734e-01
2371	1.500392e-01
2381	1.494103e-01
2391	1.487867e-01
2401	1.481683e-01
2411	1.475550e-01
2421	1.469468e-01
2431	1.463436e-01
2441	1.457453e-01
2451	1.451519e-01
2461	1.445633e-01
2471	1.439795e-01
2481	1.434004e-01
2491	1.428257e-01
2501	1.422553e-01
2511	1.416894e-01
2521	1.411280e-01
2531	1.405710e-01
2541	1.400184e-01
2551	1.394701e-01
2561	1.389261e-01
2571	1.383864e-01
2581	1.378508e-01
2591	1.373194e-01
2601	1.367920e-01
2611	1.362687e-01
2621	1.357494e-01
2631	1.352340e-01
2641	1.347226e-01
2651	1.342149e-01
2661	1.337111e-01
2671	1.332111e-01
2681	1.327148e-01
2691	1.322222e-01
2701	1.317333e-01
2711	1.312479e-01
2721	1.307662e-01
2731	1.302879e-01
2741	1.298131e-01
2751	1.293418e-01
2761	1.288739e-01
2771	1.284094e-01
2781	1.279482e-01
2791	1.274904e-01
2801	1.270358e-01
2811	1.265844e-01
2821	1.261362e-01
2831	1.256912e-01
2841	1.252493e-01
2851	1.248106e-01
2861	1.243749e-01
2871	1.239422e-01
2881	1.235126e-01
2891	1.230861e-01
2901	1.226625e-01
2911	1.222419e-01
2921	1.218241e-01
2931	1.214092e-01
2941	1.209971e-01
2951	1.205878e-01
2961	1.201812e-01
2971	1.197774e-01
2981	1.193763e-01
2991	1.189779e-01
3001	1.185821e-01
3011	1.181890e-01
3021	1.177985e-01
3031	1.174105e-01
3041	1.170251e-01
3051	1.166422e-01
3061	1.162619e-01
3071	1.158840e-01
3081	1.155085e-01
3091	1.151353e-01
3101	1.147644e-01
3111	1.143958e-01
3121	1.140296e-01
3131	1.136658e-01
3141	1.133042e-01
3151	1.129449e-01
3161	1.125878e-01
3171	1.122329e-01
3181	1.118802e-01
3191	1.115298e-01
3201	1.111815e-01
3211	1.108353e-01
3221	1.104913e-01
3231	1.101494e-01
3241	1.098096e-01
3251	1.094719e-01
3261	1.091363e-01
3271	1.088028e-01
3281	1.084712e-01
3291	1.081417e-01
3301	1.078142e-01
3311	1.074875e-01
3321	1.071625e-01
3331	1.068395e-01
3341	1.065184e-01
3351	1.061992e-01
3361	1.058819e-01
3371	1.055665e-01
3381	1.052530e-01
3391	1.049413e-01
3401	1.046314e-01
3411	1.043234e-01
3421	1.040172e-01
3431	1.037127e-01
3441	1.034100e-01
3451	1.031091e-01
3461	1.028099e-01
3471	1.025124e-01
3481	1.022171e-01
3491	1.019237e-01
3501	1.016319e-01
3511	1.013418e-01
3521	1.010533e-01
3531	1.007665e-01
3541	1.004813e-01
3551	1.001977e-01
3561	9.991571e-02
3571	9.963528e-02
3581	9.935642e-02
3591	9.907911e-02
3601	9.880334e-02
3611	9.852910e-02
3621	9.825638e-02
3631	9.798515e-02
3641	9.771560e-02
3651	9.744765e-02
3661	9.718116e-02
3671	9.691612e-02
3681	9.665252e-02
3691	9.639035e-02
3701	9.612959e-02
3711	9.587025e-02
3721	9.561229e-02
3731	9.535572e-02
3741	9.510062e-02
3751	9.484693e-02
3761	9.459459e-02
3771	9.434359e-02
3781	9.409392e-02
3791	9.384556e-02
3801	9.359851e-02
3811	9.335283e-02
3821	9.310844e-02
3831	9.286532e-02
3841	9.262347e-02
3851	9.238287e-02
3861	9.214352e-02
3871	9.190541e-02
3881	9.166852e-02
3891	9.143286e-02
3901	9.119840e-02
3911	9.096514e-02
3921	9.073307e-02
3931	9.050218e-02
3941	9.027246e-02
3951	9.004390e-02
3961	8.981650e-02
3971	8.959024e-02
3981	8.936510e-02
3991	8.914108e-02
4001	8.891818e-02
4011	8.869639e-02
4021	8.847571e-02
4031	8.825612e-02
4041	8.803767e-02
4051	8.782029e-02
4061	8.760399e-02
4071	8.738875e-02
4081	8.717456e-02
4091	8.696142e-02
4101	8.674932e-02
4111	8.653826e-02
4121	8.632821e-02
4131	8.611919e-02
4141	8.591117e-02
4151	8.570416e-02
4161	8.549814e-02
4171	8.529310e-02
4181	8.508906e-02
4191	8.488597e-02
4201	8.468382e-02
4211	8.448262e-02
4221	8.428237e-02
4231	8.408308e-02
4241	8.388472e-02
4251	8.368735e-02
4261	8.349092e-02
4271	8.329540e-02
4281	8.310080e-02
4291	8.290711e-02
4301	8.271433e-02
4311	8.252244e-02
4321	8.233145e-02
4331	8.214133e-02
4341	8.195209e-02
4351	8.176372e-02
4361	8.157621e-02
4371	8.138950e-02
4381	8.120364e-02
4391	8.101862e-02
4401	8.083444e-02
4411	8.065110e-02
4421	8.046863e-02
4431	8.028698e-02
4441	8.010615e-02
4451	7.992614e-02
4461	7.974693e-02
4471	7.956852e-02
4481	7.939091e-02
4491	7.921409e-02
4501	7.903805e-02
4511	7.886280e-02
4521	7.868832e-02
4531	7.851461e-02
4541	7.834168e-02
4551	7.816951e-02
4561	7.799811e-02
4571	7.782745e-02
4581	7.765753e-02
4591	7.748836e-02
4601	7.731991e-02
4611	7.715220e-02
4621	7.698521e-02
4631	7.681894e-02
4641	7.665339e-02
4651	7.648855e-02
4661	7.632443e-02
4671	7.616101e-02
4681	7.599830e-02
4691	7.583627e-02
4701	7.567494e-02
4711	7.551429e-02
4721	7.535432e-02
4731	7.519503e-02
4741	7.503641e-02
4751	7.487846e-02
4761	7.472117e-02
4771	7.456454e-02
4781	7.440856e-02
4791	7.425324e-02
4801	7.409856e-02
4811	7.394453e-02
4821	7.379114e-02
4831	7.363838e-02
4841	7.348624e-02
4851	7.333473e-02
4861	7.318384e-02
4871	7.303357e-02
4881	7.288392e-02
4891	7.273489e-02
4901	7.258647e-02
4911	7.243865e-02
4921	7.229144e-02
4931	7.214482e-02
4941	7.199879e-02
4951	7.185336e-02
4961	7.170851e-02
4971	7.156424e-02
4981	7.142055e-02
4991	7.127744e-02
